1
1	  0	  4
1	  1	  3
1	  2	  5
1	  3	  6
1	  4	  7
1	  5	  9
1	  8	 37
1	 10	 11
1	 10	 12
1	 13	 14
1	 13	 15
1	 16	 17
1	 16	 18
1	 19	 20
1	 19	 21
1	 22	 23
1	 22	 24
1	 25	 26
1	 25	 27
1	 28	 29
1	 28	 30
1	 31	 32
1	 31	 33
1	 34	 35
1	 34	 36
1	 37	 38
1	 39	 40
1	 39	 41
1	 42	 43
1	 42	 44
1	 45	 46
1	 45	 47
1	 48	 49
1	 48	 50
1	 51	 52
1	 51	 53
1	 54	 55
1	 54	 56
1	 57	 58
1	 57	 59
1	 60	 61
1	 60	 62
1	 63	 64
1	 63	 65
4	  3	  5	  1
4	  4	 25	  0
4	 54	  4	 55
4	  5	 22	  2
4	 31	 10	 33
4	 34	 10	 33
4	 13	 48	 15
4	 16	 28	 17
4	 45	 16	 46
4	 19	 34	 20
4	 22	 34	 20
4	 25	 60	 26
4	 28	 39	 30
4	 28	 54	 29
4	 39	 31	 40
4	 57	 31	 40
4	 45	 39	 30
4	 54	 42	 56
4	 60	 42	 56
4	 42	 63	 44
4	 51	 45	 53
4	 63	 57	 65
