1
1	  0	  5
1	  1	  6
1	  2	  4
1	  3	  7
1	  4	  8
1	  5	 12
1	  6	  9
1	  7	 11
1	 10	 40
1	 13	 14
1	 13	 15
1	 16	 17
1	 16	 18
1	 19	 20
1	 19	 21
1	 22	 23
1	 22	 24
1	 25	 26
1	 25	 27
1	 28	 29
1	 28	 30
1	 31	 32
1	 31	 33
1	 34	 35
1	 34	 36
1	 37	 38
1	 37	 39
1	 40	 41
1	 42	 43
1	 42	 44
1	 45	 46
1	 45	 47
1	 48	 49
1	 48	 50
1	 51	 52
1	 51	 53
1	 54	 55
1	 54	 56
1	 57	 58
1	 57	 59
1	 60	 61
1	 60	 62
1	 63	 64
1	 63	 65
4	  4	  7	  2
4	  5	 19	  0
4	 34	  5	 35
4	 48	  5	 35
4	 13	  6	 14
4	  6	 28	  1
4	 54	  6	 14
4	  7	 25	  3
4	 34	 13	 36
4	 16	 25	  3
4	 19	 31	 20
4	 22	 31	 20
4	 22	 40	 24
4	 25	 37	 27
4	 28	 60	 29
4	 31	 54	 32
4	 42	 34	 43
4	 57	 34	 43
4	 48	 42	 50
4	 54	 45	 56
4	 60	 45	 56
4	 45	 63	 47
4	 51	 48	 53
4	 63	 57	 65
