1
1	  0	  5
1	  1	  6
1	  2	  4
1	  3	  8
1	  4	  9
1	  5	 14
1	  6	 11
1	  7	 10
1	  7	 27
1	  8	 13
1	 12	 43
1	 15	 16
1	 15	 17
1	 18	 19
1	 18	 20
1	 21	 22
1	 21	 23
1	 24	 25
1	 24	 26
1	 28	 29
1	 28	 30
1	 31	 32
1	 31	 33
1	 34	 35
1	 34	 36
1	 37	 38
1	 37	 39
1	 40	 41
1	 40	 42
1	 43	 44
1	 45	 46
1	 45	 47
1	 48	 49
1	 48	 50
1	 51	 52
1	 51	 53
1	 54	 55
1	 54	 56
1	 57	 58
1	 57	 59
1	 60	 61
1	 60	 62
1	 63	 64
1	 63	 65
1	 66	 67
1	 66	 68
4	  4	  8	  2
4	  5	 21	  0
4	 37	  5	 38
4	  6	 31	  1
4	 48	  7	 49
4	  8	 28	  3
4	 37	 15	 39
4	 40	 15	 39
4	 18	 54	 20
4	 21	 34	 22
4	 24	 43	 26
4	 28	 40	 30
4	 28	 51	 29
4	 34	 45	 36
4	 34	 60	 35
4	 45	 37	 46
4	 63	 37	 46
4	 60	 48	 62
4	 48	 66	 50
4	 57	 51	 29
4	 63	 66	 50
