1
1	  0	  4
1	  0	 11
1	  1	  6
1	  1	  8
1	  2	  5
1	  2	  9
1	  3	  7
1	  3	 10
1	  4	 13
1	  5	 15
1	  6	 17
1	  7	 19
1	  8	 16
1	  9	 14
1	 10	 18
1	 11	 12
1	 20	 21
1	 20	 22
1	 23	 24
1	 23	 25
1	 26	 27
1	 26	 28
1	 29	 30
1	 29	 31
1	 32	 33
1	 32	 34
1	 35	 36
1	 35	 37
1	 38	 39
1	 38	 40
1	 41	 42
1	 41	 43
4	  4	  9	 13
4	 29	  4	 31
4	 10	  5	 18
4	  5	 11	 15
4	 26	  5	 18
4	  6	 10	 17
4	 20	  6	 22
4	 38	  6	 22
4	  8	  7	 16
4	  7	 35	 19
4	 32	  8	 34
4	  9	 38	 14
4	 11	 23	 12
4	 20	 26	 21
4	 29	 20	 30
4	 23	 35	 19
4	 32	 29	 33
4	 38	 41	 39
