1
1	  0	  4
1	  0	 10
1	  1	  6
1	  2	  5
1	  2	  8
1	  3	  7
1	  3	  9
1	  4	 12
1	  5	 14
1	  6	 15
1	  7	 17
1	  8	 13
1	  9	 16
1	 10	 11
1	 18	 19
1	 18	 20
1	 21	 22
1	 21	 23
1	 24	 25
1	 24	 26
1	 27	 28
1	 27	 29
1	 30	 31
1	 30	 32
1	 33	 34
1	 33	 35
1	 36	 37
1	 36	 38
1	 39	 40
1	 39	 41
4	  4	  8	 12
4	  9	  5	 16
4	  5	 10	 14
4	 24	  5	 16
4	  6	  9	 15
4	 18	  6	 20
4	 30	  7	 32
4	  7	 33	 17
4	  8	 36	 13
4	 10	 21	 11
4	 18	 24	 19
4	 27	 18	 28
4	 33	 21	 11
4	 21	 39	 22
4	 33	 36	 13
