1
1	  0	 24
1	  0	 36
1	  1	 26
1	  1	 38
1	  2	 28
1	  2	 40
1	  3	 30
1	  3	 42
1	  4	 32
1	  4	 44
1	  5	 34
1	  5	 46
1	  6	 22
1	  6	 48
1	  7	 18
1	  7	 50
1	  8	 20
1	  8	 52
1	  9	 16
1	  9	 54
1	 10	 12
1	 10	 56
1	 11	 14
1	 11	 58
1	 12	 13
1	 14	 15
1	 16	 17
1	 18	 19
1	 20	 21
1	 22	 23
1	 24	 25
1	 26	 27
1	 28	 29
1	 30	 31
1	 32	 33
1	 34	 35
1	 36	 37
1	 38	 39
1	 40	 41
1	 42	 43
1	 44	 45
1	 46	 47
1	 48	 49
1	 50	 51
1	 52	 53
1	 54	 55
1	 56	 57
1	 58	 59
1	 60	 61
1	 60	 62
1	 63	 64
1	 63	 65
1	 66	 67
1	 66	 68
1	 69	 70
1	 69	 71
1	 72	 73
1	 72	 74
1	 75	 76
1	 75	 77
1	 78	 79
1	 78	 80
1	 81	 82
1	 81	 83
1	 84	 85
1	 84	 86
1	 87	 88
1	 87	 89
1	 90	 91
1	 90	 92
1	 93	 94
1	 93	 95
1	 96	 97
1	 96	 98
1	 99	100
1	 99	101
1	102	103
1	102	104
1	105	106
1	105	107
1	108	109
1	108	110
1	111	112
1	111	113
1	114	115
1	114	116
1	117	118
1	117	119
1	120	121
1	120	122
1	123	124
1	123	125
1	126	127
1	126	128
1	129	130
1	129	131
1	132	133
1	132	134
1	135	136
1	135	137
1	138	139
1	138	140
1	141	142
1	141	143
4	105	 12	107
4	 93	 14	 95
4	132	 16	134
4	 18	 42	 19
4	 48	 18	 49
4	 20	 44	 21
4	 50	 20	 51
4	 22	 46	 23
4	117	 22	119
4	 24	 48	 25
4	 90	 26	 91
4	 38	 28	 39
4	 28	 52	 29
4	 46	 30	 47
4	 30	 54	 31
4	120	 30	 47
4	 42	 32	 43
4	 32	 56	 33
4	 60	 32	 43
4	 34	 58	 35
4	 36	 90	 37
4	108	 38	110
4	 40	111	 41
4	 44	 99	 45
4	 72	 50	 74
4	102	 50	 74
4	 52	 81	 53
4	 54	105	 55
4	 56	 93	 57
4	 58	132	 59
4	 84	 60	 86
4	 60	120	 62
4	108	 63	109
4	 66	 69	 68
4	 90	 66	 92
4	 69	105	 55
4	 72	129	 73
4	138	 72	139
4	 75	108	 77
4	 75	132	 59
4	 78	 96	 80
4	 78	132	 59
4	 81	135	 83
4	141	 81	 53
4	105	 84	106
4	 84	123	 85
4	 87	102	 89
4	 87	129	 73
4	129	 90	 37
4	123	 93	 57
4	 93	126	 94
4	 96	120	 62
4	141	 96	 80
4	 99	114	100
4	126	 99	 45
4	 99	141	101
4	111	135	 83
4	114	138	116
4	135	117	136
