1
1	  0	  8
1	  1	  9
1	  2	 10
1	  3	 11
1	  4	 12
1	  5	 13
1	  6	 14
1	  7	 15
1	  8	 17
1	  9	 16
1	 10	 22
1	 11	 21
1	 12	 23
1	 13	 18
1	 14	 19
1	 15	 20
1	 19	 20
1	 24	 25
1	 24	 26
1	 27	 28
1	 27	 29
1	 30	 31
1	 30	 32
1	 33	 34
1	 33	 35
1	 36	 37
1	 36	 38
1	 39	 40
1	 39	 41
1	 42	 43
1	 42	 44
1	 45	 46
1	 45	 47
1	 48	 49
1	 48	 50
1	 51	 52
1	 51	 53
1	 54	 55
1	 54	 56
1	 57	 58
1	 57	 59
1	 60	 61
1	 60	 62
1	 63	 64
1	 63	 65
1	 66	 67
1	 66	 68
1	 69	 70
1	 69	 71
1	 72	 73
1	 72	 74
1	 75	 76
1	 75	 77
4	  8	 66	  0
4	  9	 51	  1
4	 54	 10	 55
4	 10	 60	  2
4	 11	 42	  3
4	 14	 12	  6
4	 12	 60	  2
4	 24	 13	 25
4	 13	 36	  5
4	 36	 14	 37
4	 51	 15	 52
4	 15	 69	  7
4	 63	 24	 64
4	 66	 27	 67
4	 27	 72	 29
4	 75	 27	 67
4	 30	 54	 31
4	 57	 30	 58
4	 60	 33	 61
4	 33	 72	 29
4	 48	 36	  5
4	 36	 51	  1
4	 39	 45	 40
4	 63	 42	  3
4	 45	 69	  7
4	 72	 45	 40
4	 54	 48	 56
4	 75	 63	 76
