1
1	  0	  7
1	  1	  9
1	  2	 10
1	  3	 11
1	  4	 12
1	  5	 13
1	  6	 14
1	  7	 16
1	  8	 15
1	  9	 21
1	 10	 20
1	 11	 22
1	 12	 17
1	 13	 18
1	 14	 19
1	 18	 19
1	 23	 24
1	 23	 25
1	 26	 27
1	 26	 28
1	 29	 30
1	 29	 31
1	 32	 33
1	 32	 34
1	 35	 36
1	 35	 37
1	 38	 39
1	 38	 40
1	 41	 42
1	 41	 43
1	 44	 45
1	 44	 46
1	 47	 48
1	 47	 49
1	 50	 51
1	 50	 52
1	 53	 54
1	 53	 55
1	 56	 57
1	 56	 58
1	 59	 60
1	 59	 61
1	 62	 63
1	 62	 64
1	 65	 66
1	 65	 67
1	 68	 69
1	 68	 70
1	 71	 72
1	 71	 73
1	 74	 75
1	 74	 76
1	 77	 78
1	 77	 79
1	 80	 81
1	 80	 82
1	 83	 84
1	 83	 85
4	  7	 65	  0
4	 23	  8	 24
4	 32	  8	 24
4	  9	 62	  1
4	 83	  9	 85
4	 10	 65	  0
4	 11	 13	  3
4	 62	 11	 63
4	 12	 53	  4
4	 13	 59	  5
4	 14	 41	  6
4	 68	 14	 69
4	 80	 14	 69
4	 23	 26	 25
4	 47	 26	 25
4	 26	 53	  4
4	 44	 29	 46
4	 59	 29	 46
4	 29	 71	 30
4	 44	 32	 45
4	 32	 59	  5
4	 80	 32	 45
4	 35	 50	 36
4	 65	 35	 66
4	 74	 35	 66
4	 41	 38	 42
4	 77	 38	 42
4	 38	 83	 40
4	 53	 44	 54
4	 50	 80	 51
4	 53	 56	 55
4	 59	 77	 61
