1
1	  0	  7
1	  1	  9
1	  2	 10
1	  3	 11
1	  4	 12
1	  5	 14
1	  6	 15
1	  7	 17
1	  8	 16
1	  9	 23
1	 10	 21
1	 11	 24
1	 12	 18
1	 13	 22
1	 14	 19
1	 15	 20
1	 17	 19
1	 19	 20
1	 25	 26
1	 25	 27
1	 28	 29
1	 28	 30
1	 31	 32
1	 31	 33
1	 34	 35
1	 34	 36
1	 37	 38
1	 37	 39
1	 40	 41
1	 40	 42
1	 43	 44
1	 43	 45
1	 46	 47
1	 46	 48
1	 49	 50
1	 49	 51
1	 52	 53
1	 52	 54
1	 55	 56
1	 55	 57
1	 58	 59
1	 58	 60
1	 61	 62
1	 61	 63
1	 64	 65
1	 64	 66
1	 67	 68
1	 67	 69
1	 70	 71
1	 70	 72
1	 73	 74
1	 73	 75
1	 76	 77
1	 76	 78
1	 79	 80
1	 79	 81
4	  7	 64	  0
4	 25	  8	 26
4	 34	  8	 26
4	  9	 61	  1
4	 10	 28	  2
4	 11	 14	  3
4	 73	 11	 74
4	 12	 52	  4
4	 28	 13	 30
4	 14	 58	  5
4	 15	 43	  6
4	 76	 15	 77
4	 25	 52	  4
4	 46	 31	 48
4	 58	 31	 48
4	 31	 70	 32
4	 46	 34	 47
4	 34	 58	  5
4	 37	 49	 38
4	 64	 37	 65
4	 43	 40	 44
4	 73	 40	 44
4	 40	 79	 42
4	 52	 46	 53
4	 49	 76	 50
4	 52	 55	 54
4	 55	 67	 57
4	 70	 55	 54
4	 58	 73	 60
4	 76	 67	 57
